NPC (
	10.653291 10.978136 39.055931
	10.653291 10.978136 39.055931
	10.653291 10.978136 39.055931
	10.653291 10.978136 39.055931
	10.653291 10.978136 39.055931
	10.653291 10.978136 39.055931
	10.653291 10.978136 39.055931
	10.653291 10.978136 39.055931
	10.653291 10.978136 39.055931
	10.653291 10.978136 39.055931
	10.653291 10.978136 39.055931
	10.653291 10.978136 39.055931
	25.807619 41.199520 7.774951
	25.807619 41.199520 7.774951
	25.807619 41.199520 7.774951
	25.807619 41.199520 7.774951
	25.807619 41.199520 7.774951
	25.807619 41.199520 7.774951
	25.807619 41.199520 7.774951
	25.807619 41.199520 7.774951
	25.807619 41.199520 7.774951
	25.807619 41.199520 7.774951
	25.807619 41.199520 7.774951
	25.807619 41.199520 7.774951
	8.911315 21.939110 32.745392
	8.911315 21.939110 32.745392
	8.911315 21.939110 32.745392
	8.911315 21.939110 32.745392
	8.911315 21.939110 32.745392
	8.911315 21.939110 32.745392
	8.911315 21.939110 32.745392
	8.911315 21.939110 32.745392
	8.911315 21.939110 32.745392
	8.911315 21.939110 32.745392
	8.911315 21.939110 32.745392
	8.911315 21.939110 32.745392
	10.887928 28.788631 42.837147
	10.887928 28.788631 42.837147
	10.887928 28.788631 42.837147
	10.887928 28.788631 42.837147
	10.887928 28.788631 42.837147
	10.887928 28.788631 42.837147
	10.887928 28.788631 42.837147
	10.887928 28.788631 42.837147
	10.887928 28.788631 42.837147
	10.887928 28.788631 42.837147
	10.887928 28.788631 42.837147
	10.887928 28.788631 42.837147
	18.510513 31.232971 57.571445
	18.510513 31.232971 57.571445
	18.510513 31.232971 57.571445
	18.510513 31.232971 57.571445
	18.510513 31.232971 57.571445
	18.510513 31.232971 57.571445
	18.510513 31.232971 57.571445
	18.510513 31.232971 57.571445
	18.510513 31.232971 57.571445
	18.510513 31.232971 57.571445
	18.510513 31.232971 57.571445
	18.510513 31.232971 57.571445
	10.592407 24.948807 55.662354
	10.592407 24.948807 55.662354
	10.592407 24.948807 55.662354
	10.592407 24.948807 55.662354
	10.592407 24.948807 55.662354
	10.592407 24.948807 55.662354
	10.592407 24.948807 55.662354
	10.592407 24.948807 55.662354
	10.592407 24.948807 55.662354
	10.592407 24.948807 55.662354
	10.592407 24.948807 55.662354
	10.592407 24.948807 55.662354
	13.750902 28.019379 64.912552
	13.750902 28.019379 64.912552
	13.750902 28.019379 64.912552
	13.750902 28.019379 64.912552
	13.750902 28.019379 64.912552
	13.750902 28.019379 64.912552
	13.750902 28.019379 64.912552
	13.750902 28.019379 64.912552
	13.750902 28.019379 64.912552
	13.750902 28.019379 64.912552
	13.750902 28.019379 64.912552
	13.750902 28.019379 64.912552
	50.171547 36.138317 55.278099
	50.171547 36.138317 55.278099
	50.171547 36.138317 55.278099
	50.171547 36.138317 55.278099
	50.171547 36.138317 55.278099
	50.171547 36.138317 55.278099
	50.171547 36.138317 55.278099
	50.171547 36.138317 55.278099
	50.171547 36.138317 55.278099
	50.171547 36.138317 55.278099
	50.171547 36.138317 55.278099
	50.171547 36.138317 55.278099
	13.750902 28.019379 64.912552
	13.750902 28.019379 64.912552
	13.750902 28.019379 64.912552
	13.750902 28.019379 64.912552
	13.750902 28.019379 64.912552
	13.750902 28.019379 64.912552
	13.750902 28.019379 64.912552
	13.750902 28.019379 64.912552
	13.750902 28.019379 64.912552
	13.750902 28.019379 64.912552
	13.750902 28.019379 64.912552
	13.750902 28.019379 64.912552
	77.105301 52.166157 113.924545
	77.105301 52.166157 113.924545
	77.105301 52.166157 113.924545
	77.105301 52.166157 113.924545
	77.105301 52.166157 113.924545
	77.105301 52.166157 113.924545
	77.105301 52.166157 113.924545
	77.105301 52.166157 113.924545
	77.105301 52.166157 113.924545
	77.105301 52.166157 113.924545
	77.105301 52.166157 113.924545
	77.105301 52.166157 113.924545
	127.810326 73.060997 29.014833
	127.810326 73.060997 29.014833
	127.810326 73.060997 29.014833
	127.810326 73.060997 29.014833
	127.810326 73.060997 29.014833
	127.810326 73.060997 29.014833
	127.810326 73.060997 29.014833
	127.810326 73.060997 29.014833
	127.810326 73.060997 29.014833
	127.810326 73.060997 29.014833
	127.810326 73.060997 29.014833
	127.810326 73.060997 29.014833
	33.838058 45.171024 9.792544
	33.838058 45.171024 9.792544
	33.838058 45.171024 9.792544
	33.838058 45.171024 9.792544
	33.838058 45.171024 9.792544
	33.838058 45.171024 9.792544
	33.838058 45.171024 9.792544
	33.838058 45.171024 9.792544
	33.838058 45.171024 9.792544
	33.838058 45.171024 9.792544
	33.838058 45.171024 9.792544
	33.838058 45.171024 9.792544
	33.838058 45.171024 9.792544
	33.838058 45.171024 9.792544
	33.838058 45.171024 9.792544
	33.838058 45.171024 9.792544
	33.838058 45.171024 9.792544
	33.838058 45.171024 9.792544
	37.752819 48.180122 8.413856
	37.344093 48.181820 10.288715
	37.752819 48.180122 8.413856
	37.344093 48.181820 10.288715
	37.752819 48.180122 8.413856
	37.344093 48.181820 10.288715
	36.431732 49.117741 9.380986
	36.431732 49.117741 9.380986
	36.431732 49.117741 9.380986
	36.431732 49.117741 9.380986
	36.431732 49.117741 9.380986
	36.431732 49.117741 9.380986
	36.431732 49.117741 9.380986
	36.431732 49.117741 9.380986
	36.431732 49.117741 9.380986
	36.431732 49.117741 9.380986
	36.431732 49.117741 9.380986
	36.431732 49.117741 9.380986
	36.431732 49.117741 9.380986
	36.431732 49.117741 9.380986
	36.431732 49.117741 9.380986
	36.431732 49.117741 9.380986
	36.431732 49.117741 9.380986
	36.431732 49.117741 9.380986
	36.431732 49.117741 9.380986
	36.633652 49.117878 9.743365
	36.600872 49.117340 9.306590
	36.431732 49.117741 9.380986
	36.633652 49.117878 9.743365
	36.600872 49.117340 9.306590
	36.431732 49.117741 9.380986
	36.633652 49.117878 9.743365
	36.600872 49.117340 9.306590
	36.431732 49.117741 9.380986
	36.633652 49.117878 9.743365
	36.600872 49.117340 9.306590
	36.431732 49.117741 9.380986
	36.633652 49.117878 9.743365
	36.600872 49.117340 9.306590
	36.431732 49.117741 9.380986
	36.633652 49.117878 9.743365
	36.600872 49.117340 9.306590
	45.300072 47.106056 9.252769
	45.300072 47.106056 9.252769
	45.300072 47.106056 9.252769
	45.300072 47.106056 9.252769
	45.300072 47.106056 9.252769
	45.300072 47.106056 9.252769
	45.300072 47.106056 9.252769
	45.300072 47.106056 9.252769
	45.300072 47.106056 9.252769
	45.300072 47.106056 9.252769
	45.300072 47.106056 9.252769
	45.300072 47.106056 9.252769
	48.305916 47.096142 9.003419
	48.305916 47.096142 9.003419
	48.305916 47.096142 9.003419
	48.305916 47.096142 9.003419
	48.305916 47.096142 9.003419
	48.305916 47.096142 9.003419
	48.305916 47.096142 9.003419
	48.305916 47.096142 9.003419
	48.305916 47.096142 9.003419
	48.305916 47.096142 9.003419
	48.305916 47.096142 9.003419
	48.305916 47.096142 9.003419
	43.766029 44.423862 11.464801
	43.766029 44.423862 11.464801
	43.766029 44.423862 11.464801
	43.766029 44.423862 11.464801
	43.766029 44.423862 11.464801
	43.766029 44.423862 11.464801
	43.766029 44.423862 11.464801
	43.766029 44.423862 11.464801
	43.766029 44.423862 11.464801
	43.766029 44.423862 11.464801
	43.766029 44.423862 11.464801
	43.766029 44.423862 11.464801
	51.378654 47.737503 9.029367
	51.378654 47.737503 9.029367
	51.378654 47.737503 9.029367
	51.378654 47.737503 9.029367
	51.378654 47.737503 9.029367
	51.378654 47.737503 9.029367
	84.872910 65.131866 28.866653
	84.872910 65.131866 28.866653
	84.872910 65.131866 28.866653
	84.872910 65.131866 28.866653
	84.872910 65.131866 28.866653
	84.872910 65.131866 28.866653
	84.872910 65.131866 28.866653
	84.872910 65.131866 28.866653
	84.872910 65.131866 28.866653
	84.872910 65.131866 28.866653
	84.872910 65.131866 28.866653
	84.872910 65.131866 28.866653
	58.134541 56.038155 19.602285
	58.134541 56.038155 19.602285
	58.134541 56.038155 19.602285
	58.134541 56.038155 19.602285
	58.134541 56.038155 19.602285
	58.134541 56.038155 19.602285
	58.134541 56.038155 19.602285
	58.134541 56.038155 19.602285
	58.134541 56.038155 19.602285
	58.134541 56.038155 19.602285
	58.134541 56.038155 19.602285
	58.134541 56.038155 19.602285
	49.044746 46.726723 10.280431
	49.044746 46.726723 10.280431
	49.044746 46.726723 10.280431
	49.044746 46.726723 10.280431
	49.044746 46.726723 10.280431
	49.044746 46.726723 10.280431
	51.023865 49.011284 12.335191
	51.023865 49.011284 12.335191
	51.023865 49.011284 12.335191
	51.023865 49.011284 12.335191
	51.023865 49.011284 12.335191
	51.023865 49.011284 12.335191
	37.421623 48.355171 9.033907
	35.152386 48.019077 9.517386
	35.152386 48.019077 9.517386
	35.152386 48.019077 9.517386
	35.152386 48.019077 9.517386
	35.152386 48.019077 9.517386
	37.421623 48.355171 9.033907
	37.344093 48.181820 10.288715
	35.152386 48.019077 9.517386
	35.152386 48.019077 9.517386
	35.152386 48.019077 9.517386
	35.152386 48.019077 9.517386
	35.152386 48.019077 9.517386
	35.152386 48.019077 9.517386
	35.152386 48.019077 9.517386
	35.152386 48.019077 9.517386
	35.152386 48.019077 9.517386
	35.152386 48.019077 9.517386
	35.985970 47.761677 8.936758
	35.985970 47.761677 8.936758
	35.985970 47.761677 8.936758
	35.985970 47.761677 8.936758
	35.985970 47.761677 8.936758
	35.985970 47.761677 8.936758
	17.277927 49.691738 85.565857
	17.277927 49.691738 85.565857
	17.277927 49.691738 85.565857
	17.277927 49.691738 85.565857
	17.277927 49.691738 85.565857
	17.277927 49.691738 85.565857
	17.277927 49.691738 85.565857
	17.277927 49.691738 85.565857
	17.277927 49.691738 85.565857
	17.277927 49.691738 85.565857
	17.277927 49.691738 85.565857
	17.277927 49.691738 85.565857
	53.551964 84.601799 195.477020
	53.551964 84.601799 195.477020
	53.551964 84.601799 195.477020
	53.551964 84.601799 195.477020
	53.551964 84.601799 195.477020
	53.551964 84.601799 195.477020
	53.551964 84.601799 195.477020
	53.551964 84.601799 195.477020
	53.551964 84.601799 195.477020
	53.551964 84.601799 195.477020
	53.551964 84.601799 195.477020
	53.551964 84.601799 195.477020
	84.212303 124.613358 301.915131
	84.212303 124.613358 301.915131
	84.212303 124.613358 301.915131
	84.212303 124.613358 301.915131
	84.212303 124.613358 301.915131
	84.212303 124.613358 301.915131
	84.212303 124.613358 301.915131
	84.212303 124.613358 301.915131
	84.212303 124.613358 301.915131
	84.212303 124.613358 301.915131
	84.212303 124.613358 301.915131
	84.212303 124.613358 301.915131
	36.320824 51.314575 8.866278
	34.542976 48.541912 8.551394
	38.359383 47.694008 8.594372
	34.018440 48.138615 8.421900
	38.225334 47.694393 8.666052
	37.006218 47.694553 8.780693
	33.698868 45.310310 8.846713
	33.698868 45.310310 8.846713
	33.698868 45.310310 8.846713
	33.698868 45.310310 8.846713
	33.698868 45.310310 8.846713
	33.698868 45.310310 8.846713
	32.009747 47.125973 9.339144
	32.009747 47.125973 9.339144
	32.009747 47.125973 9.339144
	37.421623 48.355171 9.033907
	37.421623 48.355171 9.033907
	37.421623 48.355171 9.033907
	72.025726 62.617683 21.102901
	28.491196 49.464962 22.484371
	36.672028 51.548012 15.014008
	40.985596 50.043915 18.442886
	25.706518 47.924267 21.725842
	47.096817 48.152401 13.972253
	35.668049 46.313667 15.315332
	49.274170 47.139656 18.918821
	44.173798 56.783424 16.503071
	38.637665 46.284733 57.032497
	50.105423 51.102859 19.337803
	65.901352 52.566711 15.638102
	47.102280 46.966263 9.440277
	45.472794 41.747173 10.090261
	48.340576 48.624031 17.865246
	39.760937 43.680866 18.248871
	38.341591 44.689453 14.792846
	46.621857 45.443981 8.655552
	51.029724 47.435047 9.225512
	54.042130 49.777832 8.741632
	39.243172 50.572357 16.464834
	48.737103 48.828915 10.047179
	33.523151 48.137661 12.150230
	47.090858 48.403778 11.559393
	25.855251 45.991787 21.415558
	47.928318 48.284878 10.633375
	29.808573 45.537086 61.908092
	29.808573 45.537086 61.908092
	47.791683 44.153065 18.836815
	55.401268 55.838783 19.869095
	26.793537 49.123203 23.221615
	43.451260 49.132156 9.289186
	42.500530 42.687412 14.483757
	87.034149 35.180454 16.856129
	45.714287 46.941235 13.858074
	48.949570 46.794582 11.563553
	47.207855 47.726067 11.809582
	58.356884 49.345032 10.314203
	11.092381 13.986439 11.221031
	59.325279 60.746052 16.155544
	59.325279 60.746052 16.155544
	77.420364 60.278446 16.026953
	40.426689 54.665043 40.254997
	52.169167 21.969460 29.820503
	66.448044 35.675327 91.228706
	56.832344 64.980774 28.863113
	88.209175 65.460518 100.133171
	28.083908 22.873035 7.673244
	48.569397 45.984394 14.862047
	36.999054 59.628674 74.412552
	36.999054 59.628674 74.412552
	36.999054 59.628674 74.412552
	11.092381 13.986439 11.221031
	49.721218 46.880375 10.789858
	49.718582 46.369461 8.708519
	55.119148 48.556690 8.258478
	39.484085 45.024136 9.063911
	43.957653 44.637379 7.858021
	43.957653 44.637379 7.858021
	12.963984 40.285671 10.238338
	46.281883 50.784336 21.511772
	52.978836 49.244144 25.632486
	49.824898 48.866375 14.998899
	27.420698 48.872910 19.432236
	23.196918 40.350662 18.393642
	20.807861 47.694244 16.567076
	17.444633 44.517120 31.535294
	17.299894 6.210301 28.380468
	4.102036 1.925659 7.095116
	182.424866 184.067215 49.260960
	14.494252 43.515266 17.240423
	16.709755 46.242966 11.191154
	59.655762 55.957035 12.266281
	30.587246 44.717979 66.891640
	39.601128 45.145199 31.707193
	41.972137 45.231548 8.340581
	48.123005 49.848938 16.759554
	151.487854 219.431580 77.156921
	151.487854 219.431580 77.156921
	22.279869 40.000000 22.279865
	22.279869 40.000000 22.279865
	22.279869 40.000000 22.279865
	22.279869 40.000000 22.279865
	79.359367 65.900406 34.800793
	22.279869 40.000000 22.279865
	22.279869 40.000000 22.279865
	22.279869 40.000000 22.279865
	22.279869 40.000000 22.279865
	22.279869 40.000000 22.279865
	62.768105 52.522831 30.707771
	62.877483 55.620136 12.729128
	20.000000 45.000000 15.000000
	90.994202 99.516983 90.994308
	90.994202 99.516983 90.994308
	181.672409 245.041611 181.672455
	218.121185 392.209625 217.573654
	140.509613 86.038055 47.789215
	97.694244 84.881935 55.720367
	52.324417 50.303734 11.554438
	22.279869 40.000000 22.279865
	37.848724 39.317532 37.993332
	42.028893 35.030216 17.039127
	54.653812 43.457512 14.960987
	52.701500 49.066917 19.922222
	56.580261 54.911682 14.554554
	56.580261 54.911682 14.554554
	40.159130 45.723656 33.059025
	40.692497 45.433578 14.319925
	18.898968 42.084015 20.325680
	12.842538 44.201454 15.279140
	96.517563 70.855171 27.472576
	38.339561 47.008595 20.053654
	50.532990 48.707211 17.183849
	51.156033 47.365932 16.079285
	13.902644 27.852421 13.650319
	16.127863 55.393906 16.501028
	17.546942 37.344334 14.273943
	12.793098 43.216209 11.162081
	34.384068 58.445419 19.050714
	20.064041 47.008320 14.048450
	52.324417 50.303734 11.554438
	52.324417 50.303734 11.554438
	52.324417 50.303734 11.554438
	62.768105 52.522831 30.707771
	62.768105 52.522831 30.707771
	62.768105 52.522831 30.707771
	62.877483 55.620136 12.729128
	62.877483 55.620136 12.729128
	62.877483 55.620136 12.729128
	26.973877 45.842289 11.552279
	111.496552 78.720329 39.017166
	111.496552 78.720329 39.017166
	111.496552 78.720329 39.017166
	111.496552 78.720329 39.017166
	48.155594 51.045883 13.188496
	68.981964 53.278652 12.251305
	68.981964 53.278652 12.251305
	96.517563 70.855171 27.472576
	96.517563 70.855171 27.472576
	96.517563 70.855171 27.472576
	20.000000 45.000000 15.000000

)

